   1.00000000000000       0.000000000000000E+000
   2.00000000000000        1.12500000000000     
   3.00000000000000        2.00000000000000     
   4.00000000000000        2.43750000000000     
   5.00000000000000        2.50000000000000     
   6.00000000000000        2.56250000000000     
   7.00000000000000        3.00000000000000     
   8.00000000000000        4.50000000000000     
   9.00000000000000        1.72500000000000     
   10.0000000000000       -1.50000000000000     
   11.0000000000000       -2.06400000000000     
   12.0000000000000       -2.05200000000000     
   13.0000000000000       -1.60800000000000     
   14.0000000000000      -0.876000000000001     
   15.0000000000000      -3.552713678800501E-015
