      0.9193751
      0.8625882
      0.8486688
      0.8919124
      0.9357296
      0.9545106
      0.9588738
      0.9596732
      0.9617294
      0.9669012
      0.9757879
      1.0000000
      0.0000000
      0.0000000
      0.0000000
      0.0000000
      0.0000000
      0.4688077
      0.4018506
      0.3365636
      0.2723318
      0.9078249
      0.8204948
      0.8138170
      0.8817878
      0.9308981
      0.9461443
      0.9476089
      0.9464664
      0.9469379
      0.9511263
      0.9588047
      1.0000000
      0.0000000
      0.0000000
      0.0000000
      0.0000000
      0.0000000
      0.0000000
      0.0000000
      0.2109759
      0.1623987
      0.9048040
      0.7464116
      0.7887250
      0.8810839
      0.9264103
      0.9357247
      0.9338879
      0.9306526
      0.9290543
      0.9298519
